Year,State,Overall Homeless,Sheltered Total Homeless,Unsheltered Homeless,Overall Homeless Individuals,Sheltered Total Homeless Individuals,Unsheltered Homeless Individuals,Overall Homeless People in Families,Sheltered Total Homeless People in Families,Unsheltered Homeless People in Families,Overall Homeless Family Households,Sheltered Total Homeless Family Households,Unsheltered Homeless Family Households,Overall Chronically Homeless,Sheltered Total Chronically Homeless,Unsheltered Chronically Homeless,Overall Chronically Homeless Individuals,Sheltered Total Chronically Homeless Individuals,Unsheltered Chronically Homeless Individuals,Overall Chronically Homeless People in Families,Sheltered Total Chronically Homeless People in Families,Unsheltered Chronically Homeless People in Families,Overall Homeless Veterans,Sheltered Total Homeless Veterans,Unsheltered Homeless Veterans
2019,AK,1907.0,1634,273,1384,1118,266,523,516,7,161,158,3,269,170,99,231,134,97,38,36,2,111,85,26
2019,AL,3261.0,2070,1191,2519,1429,1090,742,641,101,236,207,29,369,230,139,350,221,129,19,9,10,292,223,69
2019,AR,2717.0,1302,1415,2303,972,1331,414,330,84,132,100,32,691,238,453,676,223,453,15,15,0,238,153,85
2019,AZ,10007.0,5475,4532,7538,3099,4439,2469,2376,93,745,723,22,1876,666,1210,1766,599,1167,110,67,43,910,598,312
2019,CA,151278.0,42846,108432,128777,25323,103454,22501,17523,4978,7044,5514,1530,41557,7887,33670,39275,6483,32792,2282,1404,878,10980,3261,7719
2019,CO,9619.0,7431,2188,7263,5228,2035,2356,2203,153,719,674,45,2187,1269,918,2106,1211,895,81,58,23,1068,792,276
2019,CT,3033.0,2577,456,2100,1648,452,933,929,4,305,303,2,214,141,73,202,129,73,12,12,0,195,182,13
2019,DC,6521.0,5913,608,3875,3267,608,2646,2646,0,815,815,0,1688,1377,311,1374,1063,311,314,314,0,297,262,35
2019,DE,921.0,826,95,565,489,76,356,337,19,116,111,5,168,131,37,119,86,33,49,45,4,65,61,4
2019,FL,28328.0,15852,12476,21265,9953,11312,7063,5899,1164,2171,1801,370,5729,1841,3888,5181,1456,3725,548,385,163,2472,1576,896
2019,GA,10443.0,6563,3880,7913,4169,3744,2530,2394,136,815,766,49,1137,470,667,1081,429,652,56,41,15,801,448,353
2019,GU,875.0,111,764,258,28,230,617,83,534,112,21,91,84,0,84,26,0,26,58,0,58,23,5,18
2019,HI,6412.0,2772,3640,4420,1234,3186,1992,1538,454,539,425,114,1767,304,1463,1592,226,1366,175,78,97,505,210,295
2019,IA,2315.0,2127,188,1574,1393,181,741,734,7,227,224,3,340,278,62,301,239,62,39,39,0,149,137,12
2019,ID,2315.0,1330,985,1516,831,685,799,499,300,243,161,82,449,252,197,356,186,170,93,66,27,201,129,72
2019,IL,10199.0,8310,1889,6513,4719,1794,3686,3591,95,1105,1080,25,1842,1369,473,1533,1072,461,309,297,12,690,536,154
2019,IN,5471.0,4829,642,3783,3170,613,1688,1659,29,544,536,8,366,314,52,314,264,50,52,50,2,572,529,43
2019,KS,2381.0,1906,475,1742,1284,458,639,622,17,209,205,4,399,202,197,337,154,183,62,48,14,189,155,34
2019,KY,4079.0,3300,779,3073,2352,721,1006,948,58,313,294,19,534,454,80,479,399,80,55,55,0,447,412,35
2019,LA,2941.0,1967,974,2416,1461,955,525,506,19,170,166,4,446,189,257,431,174,257,15,15,0,360,317,43
2019,MA,18471.0,17642,829,6259,5439,820,12212,12203,9,3766,3762,4,2370,2125,245,1392,1147,245,978,978,0,917,884,33
2019,MD,6561.0,5213,1348,4652,3437,1215,1909,1776,133,603,564,39,1295,716,579,1164,617,547,131,99,32,490,411,79
2019,ME,2106.0,2011,95,1232,1140,92,874,871,3,283,282,1,226,193,33,211,178,33,15,15,0,116,108,8
2019,MI,8575.0,7913,662,5212,4616,596,3363,3297,66,1022,1000,22,950,800,150,839,689,150,111,111,0,599,574,25
2019,MN,7977.0,6324,1653,4586,3137,1449,3391,3187,204,1028,968,60,1745,1113,632,1444,859,585,301,254,47,297,234,63
2019,MO,6179.0,5203,976,4173,3288,885,2006,1915,91,707,675,32,1062,744,318,912,598,314,150,146,4,488,393,95
2019,MP,1807.0,20,1787,423,18,405,1384,2,1382,297,1,296,42,18,24,22,16,6,20,2,18,4,0,4
2019,MS,1184.0,698,486,963,479,484,221,219,2,69,68,1,223,71,152,216,64,152,7,7,0,72,49,23
2019,MT,1357.0,1012,345,947,656,291,410,356,54,136,118,18,228,133,95,194,106,88,34,27,7,205,136,69
2019,NC,9314.0,7046,2268,6867,4889,1978,2447,2157,290,767,682,85,1271,736,535,1173,647,526,98,89,9,907,763,144
2019,ND,557.0,545,12,377,374,3,180,171,9,51,48,3,73,73,0,73,73,0,0,0,0,49,49,0
2019,NE,2365.0,2255,110,1715,1608,107,650,647,3,201,200,1,454,413,41,422,381,41,32,32,0,175,164,11
2019,NH,1396.0,1247,149,812,667,145,584,580,4,206,204,2,218,156,62,188,126,62,30,30,0,113,106,7
2019,NJ,8862.0,7380,1482,5895,4438,1457,2967,2942,25,993,984,9,1419,726,693,1311,624,687,108,102,6,551,485,66
2019,NM,3241.0,1982,1259,2464,1274,1190,777,708,69,246,228,18,1455,778,677,1283,631,652,172,147,25,257,119,138
2019,NV,7169.0,3362,3807,6614,2857,3757,555,505,50,183,169,14,715,552,163,679,516,163,36,36,0,674,509,165
2019,NY,92091.0,88044,4047,42113,38074,4039,49978,49970,8,15901,15899,2,7229,5631,1598,5965,4367,1598,1264,1264,0,1270,1247,23
2019,OH,10345.0,8838,1507,7041,5652,1389,3304,3186,118,999,966,33,874,540,334,807,496,311,67,44,23,676,610,66
2019,OK,3944.0,2707,1237,3063,1957,1106,881,750,131,300,253,47,954,336,618,882,302,580,72,34,38,280,203,77
2019,OR,15876.0,5734,10142,12354,4194,8160,3522,1540,1982,1147,507,640,4902,1036,3866,4609,937,3672,293,99,194,1438,611,827
2019,PA,13199.0,11569,1630,8426,6824,1602,4773,4745,28,1569,1562,7,1863,1224,639,1775,1136,639,88,88,0,857,820,37
2019,PR,2535.0,635,1900,2341,511,1830,194,124,70,59,41,18,686,113,573,672,111,561,14,2,12,90,18,72
2019,RI,1055.0,984,71,730,663,67,325,321,4,111,110,1,198,187,11,176,165,11,22,22,0,92,89,3
2019,SC,4172.0,2455,1717,3318,1875,1443,854,580,274,275,189,86,942,352,590,897,341,556,45,11,34,462,343,119
2019,SD,995.0,761,234,725,504,221,270,257,13,76,72,4,100,58,42,81,39,42,19,19,0,66,55,11
2019,TN,7467.0,4869,2598,5637,3519,2118,1830,1350,480,558,391,167,1133,569,564,1020,501,519,113,68,45,679,539,140
2019,TX,25848.0,14626,11222,19611,8663,10948,6237,5963,274,1919,1844,75,3511,1629,1882,3338,1476,1862,173,153,20,1806,1225,581
2019,UT,2798.0,2390,408,1921,1516,405,877,874,3,260,259,1,512,364,148,493,345,148,19,19,0,211,184,27
2019,VA,5783.0,4924,859,3666,2838,828,2117,2086,31,652,643,9,881,644,237,817,580,237,64,64,0,447,355,92
2019,VI,314.0,82,232,314,82,232,0,0,0,0,0,0,105,0,105,105,0,105,0,0,0,13,0,13
2019,VT,1089.0,975,114,681,569,112,408,406,2,128,127,1,190,157,33,163,132,31,27,25,2,87,78,9
2019,WA,21577.0,12020,9557,15985,7095,8890,5592,4925,667,1751,1550,201,4884,2073,2811,4446,1797,2649,438,276,162,1585,818,767
2019,WI,4538.0,4243,295,2545,2263,282,1993,1980,13,592,589,3,533,439,94,426,332,94,107,107,0,359,334,25
2019,WV,1397.0,1149,248,1149,919,230,248,230,18,79,74,5,161,103,58,152,100,52,9,3,6,137,113,24
2019,WY,548.0,423,125,437,329,108,111,94,17,37,31,6,67,23,44,64,23,41,3,0,3,51,43,8
2019,Total,567715.0,356422,211293,396045,199531,196514,171670,156891,14779,53692,49344,4348,105583,42607,62976,96141,35200,60941,9442,7407,2035,37085,22740,14345
2018,AK,2016.0,1707,309,1434,1173,261,582,534,48,193,175,18,357,275,82,323,243,80,34,32,2,132,110,22
2018,AL,3434.0,2424,1010,2570,1693,877,864,731,133,280,243,37,540,341,199,472,277,195,68,64,4,339,267,72
2018,AR,2712.0,1455,1257,2280,1081,1199,432,374,58,147,127,20,466,153,313,453,153,300,13,0,13,251,150,101
2018,AZ,9865.0,5799,4066,7259,3354,3905,2606,2445,161,792,745,47,1774,589,1185,1740,564,1176,34,25,9,893,540,353
2018,CA,129972.0,40429,89543,109008,23635,85373,20964,16794,4170,6702,5372,1330,34332,5650,28682,32668,4857,27811,1664,793,871,10836,3622,7214
2018,CO,10857.0,6528,4329,7607,4302,3305,3250,2226,1024,990,689,301,2738,1160,1578,2571,1099,1472,167,61,106,1073,657,416
2018,CT,3976.0,3395,581,2280,1699,581,1696,1696,0,553,553,0,341,238,103,298,195,103,43,43,0,190,177,13
2018,DC,6904.0,6304,600,3770,3170,600,3134,3134,0,924,924,0,1781,1481,300,1586,1286,300,195,195,0,306,246,60
2018,DE,1082.0,989,93,708,615,93,374,374,0,125,125,0,189,170,19,162,143,19,27,27,0,70,67,3
2018,FL,31030.0,17637,13393,21443,10686,10757,9587,6951,2636,2757,2070,687,5302,1448,3854,4543,1237,3306,759,211,548,2543,1582,961
2018,GA,9499.0,5900,3599,6943,3557,3386,2556,2343,213,812,725,87,1080,324,756,992,238,754,88,86,2,705,429,276
2018,GU,854.0,127,727,209,22,187,645,105,540,120,25,95,66,0,66,12,0,12,54,0,54,14,4,10
2018,HI,6530.0,3055,3475,4131,1215,2916,2399,1840,559,623,475,148,1714,258,1456,1529,202,1327,185,56,129,532,240,292
2018,IA,2749.0,2508,241,1711,1491,220,1038,1017,21,325,320,5,270,206,64,215,151,64,55,55,0,196,177,19
2018,ID,2012.0,1289,723,1297,772,525,715,517,198,209,158,51,324,166,158,293,138,155,31,28,3,215,146,69
2018,IL,10643.0,8701,1942,6752,4876,1876,3891,3825,66,1223,1203,20,1625,921,704,1470,778,692,155,143,12,804,574,230
2018,IN,5258.0,4679,579,3776,3205,571,1482,1474,8,481,478,3,449,402,47,428,381,47,21,21,0,539,491,48
2018,KS,2216.0,1859,357,1443,1097,346,773,762,11,217,215,2,300,191,109,278,169,109,22,22,0,195,167,28
2018,KY,3688.0,2820,868,2735,1956,779,953,864,89,286,262,24,369,279,90,349,262,87,20,17,3,369,308,61
2018,LA,3059.0,1994,1065,2540,1502,1038,519,492,27,164,156,8,476,156,320,467,147,320,9,9,0,406,362,44
2018,MA,20068.0,19083,985,6811,5828,983,13257,13255,2,4149,4148,1,2122,1803,319,1373,1054,319,749,749,0,985,934,51
2018,MD,7144.0,5380,1764,4914,3382,1532,2230,1998,232,699,640,59,1409,720,689,1259,608,651,150,112,38,574,470,104
2018,ME,2516.0,2418,98,1450,1359,91,1066,1059,7,341,339,2,215,214,1,198,197,1,17,17,0,119,106,13
2018,MI,8351.0,7452,899,5209,4390,819,3142,3062,80,965,938,27,861,677,184,756,583,173,105,94,11,693,646,47
2018,MN,7243.0,6122,1121,3993,3019,974,3250,3103,147,979,935,44,1066,712,354,970,631,339,96,81,15,301,250,51
2018,MO,5883.0,4669,1214,3776,2634,1142,2107,2035,72,706,684,22,1043,655,388,819,454,365,224,201,23,507,415,92
2018,MP,1044.0,22,1022,357,22,335,687,0,687,151,0,151,0,0,0,0,0,0,0,0,0,0,0,0
2018,MS,1352.0,731,621,1024,461,563,328,270,58,112,95,17,279,60,219,255,40,215,24,20,4,102,37,65
2018,MT,1405.0,1032,373,983,682,301,422,350,72,134,112,22,200,112,88,183,97,86,17,15,2,198,125,73
2018,NC,9268.0,6818,2450,6451,4521,1930,2817,2297,520,897,725,172,1293,731,562,1175,674,501,118,57,61,884,735,149
2018,ND,542.0,494,48,467,419,48,75,75,0,27,27,0,76,76,0,69,69,0,7,7,0,9,9,0
2018,NE,2421.0,2277,144,1745,1608,137,676,669,7,236,234,2,455,398,57,380,325,55,75,73,2,171,168,3
2018,NH,1450.0,1296,154,835,693,142,615,603,12,215,210,5,161,98,63,141,85,56,20,13,7,143,136,7
2018,NJ,9398.0,7775,1623,6048,4470,1578,3350,3305,45,1093,1080,13,1286,538,748,1212,464,748,74,74,0,555,470,85
2018,NM,2551.0,1755,796,1949,1231,718,602,524,78,201,174,27,891,540,351,814,487,327,77,53,24,290,177,113
2018,NV,7544.0,3305,4239,7058,2873,4185,486,432,54,167,151,16,648,275,373,637,264,373,11,11,0,723,530,193
2018,NY,91897.0,87603,4294,39827,35562,4265,52070,52041,29,16368,16356,12,7195,5570,1625,5829,4206,1623,1366,1364,2,1224,1184,40
2018,OH,10249.0,8934,1315,6929,5733,1196,3320,3201,119,1015,980,35,730,425,305,700,395,305,30,30,0,749,694,55
2018,OK,3871.0,2680,1191,2823,1848,975,1048,832,216,327,257,70,908,330,578,804,257,547,104,73,31,313,206,107
2018,OR,14476.0,5551,8925,11139,4027,7112,3337,1524,1813,1108,502,606,4321,960,3361,4013,862,3151,308,98,210,1363,600,763
2018,PA,13512.0,11768,1744,8163,6449,1714,5349,5319,30,1760,1751,9,1408,871,537,1318,785,533,90,86,4,982,910,72
2018,PR,3182.0,670,2512,2921,580,2341,261,90,171,75,31,44,1091,155,936,1074,151,923,17,4,13,82,18,64
2018,RI,1101.0,1050,51,747,698,49,354,352,2,121,120,1,264,247,17,233,216,17,31,31,0,103,100,3
2018,SC,3933.0,2589,1344,3082,1968,1114,851,621,230,273,200,73,686,352,334,671,344,327,15,8,7,415,320,95
2018,SD,1159.0,874,285,836,598,238,323,276,47,105,91,14,190,134,56,115,67,48,75,67,8,110,89,21
2018,TN,7883.0,5028,2855,6139,3853,2286,1744,1175,569,526,366,160,1663,609,1054,1556,559,997,107,50,57,742,556,186
2018,TX,25310.0,14776,10534,19199,8917,10282,6111,5859,252,1917,1845,72,3404,1514,1890,3269,1379,1890,135,135,0,1935,1142,793
2018,UT,2876.0,2456,420,1904,1486,418,972,970,2,287,286,1,306,219,87,298,211,87,8,8,0,239,222,17
2018,VA,5975.0,5060,915,3928,3066,862,2047,1994,53,660,643,17,897,622,275,812,537,275,85,85,0,485,400,85
2018,VI,486.0,179,307,415,108,307,71,71,0,26,26,0,307,0,307,307,0,307,0,0,0,24,7,17
2018,VT,1291.0,1209,82,780,711,69,511,498,13,169,165,4,160,138,22,138,120,18,22,18,4,104,96,8
2018,WA,22304.0,11683,10621,16424,6519,9905,5880,5164,716,1800,1583,217,6158,1837,4321,5775,1619,4156,383,218,165,1636,770,866
2018,WI,4907.0,4525,382,2740,2383,357,2167,2142,25,660,651,9,527,449,78,446,368,78,81,81,0,332,321,11
2018,WV,1243.0,1060,183,1021,842,179,222,218,4,73,72,1,154,84,70,150,84,66,4,0,4,131,106,25
2018,WY,639.0,440,199,434,299,135,205,141,64,77,56,21,46,42,4,42,42,0,4,0,4,47,47,0
2018,Total,552830.0,358363,194467,372417,194340,178077,180413,164023,16390,56342,51513,4829,96913,36575,60338,88640,30754,57886,8273,5821,2452,37878,23312,14566
2017,AK,1845.0,1551,294,1354,1060,294,491,491,0,165,165,0,257,158,99,216,117,99,41,41,0,124,95,29
2017,AL,3793.0,2656,1137,2985,1950,1035,808,706,102,262,229,33,363,171,192,344,152,192,19,19,0,269,202,67
2017,AR,2467.0,1273,1194,2068,937,1131,399,336,63,121,100,21,473,147,326,450,138,312,23,9,14,239,130,109
2017,AZ,8947.0,5781,3166,6488,3423,3065,2459,2358,101,689,664,25,1552,546,1006,1463,492,971,89,54,35,970,641,329
2017,CA,131532.0,42636,88896,110260,25022,85238,21272,17614,3658,7083,5836,1247,37033,5235,31798,35541,4430,31111,1492,805,687,11436,3815,7621
2017,CO,10940.0,7081,3859,7571,4719,2852,3369,2362,1007,993,702,291,2264,977,1287,2126,914,1212,138,63,75,1078,743,335
2017,CT,3388.0,2972,416,2208,1796,412,1180,1176,4,392,391,1,420,273,147,387,240,147,33,33,0,191,177,14
2017,DC,7473.0,6576,897,3583,2686,897,3890,3890,0,1166,1166,0,1881,1343,538,1470,932,538,411,411,0,285,250,35
2017,DE,994.0,936,58,615,563,52,379,373,6,129,127,2,127,102,25,123,98,25,4,4,0,91,85,6
2017,FL,32190.0,17111,15079,22768,10931,11837,9422,6180,3242,2846,1924,922,5615,1241,4374,4951,1127,3824,664,114,550,2817,1821,996
2017,GA,10174.0,6651,3523,7422,4102,3320,2752,2549,203,1019,939,80,1028,462,566,963,405,558,65,57,8,712,466,246
2017,GU,852.0,87,765,215,17,198,637,70,567,117,17,100,64,0,64,20,0,20,44,0,44,24,4,20
2017,HI,7220.0,3420,3800,4535,1258,3277,2685,2162,523,666,539,127,1800,207,1593,1588,164,1424,212,43,169,615,237,378
2017,IA,2756.0,2652,104,1500,1396,104,1256,1256,0,382,382,0,199,143,56,170,114,56,29,29,0,171,153,18
2017,ID,2037.0,1398,639,1309,857,452,728,541,187,211,167,44,436,302,134,391,257,134,45,45,0,228,159,69
2017,IL,10798.0,8541,2257,6894,4759,2135,3904,3782,122,1228,1181,47,1475,717,758,1355,644,711,120,73,47,864,575,289
2017,IN,5438.0,4869,569,3623,3082,541,1815,1787,28,576,567,9,537,483,54,486,432,54,51,51,0,615,569,46
2017,KS,2287.0,1942,345,1423,1083,340,864,859,5,263,262,1,341,251,90,252,166,86,89,85,4,217,177,40
2017,KY,4025.0,3298,727,3032,2386,646,993,912,81,334,309,25,405,267,138,383,252,131,22,15,7,489,445,44
2017,LA,3305.0,2330,975,2559,1647,912,746,683,63,231,211,20,618,183,435,609,174,435,9,9,0,383,329,54
2017,MA,17565.0,16574,991,6267,5288,979,11298,11286,12,3430,3426,4,1914,1555,359,1238,885,353,676,670,6,853,808,45
2017,MD,7247.0,5511,1736,5077,3509,1568,2170,2002,168,681,635,46,1520,816,704,1436,746,690,84,70,14,536,440,96
2017,ME,2280.0,2100,180,1352,1244,108,928,856,72,307,286,21,201,201,0,189,189,0,12,12,0,131,120,11
2017,MI,9051.0,8028,1023,5628,4715,913,3423,3313,110,1060,1026,34,774,538,236,709,482,227,65,56,9,773,713,60
2017,MN,7668.0,6560,1108,3899,2892,1007,3769,3668,101,1140,1110,30,906,552,354,813,472,341,93,80,13,281,244,37
2017,MO,6037.0,4885,1152,3768,2770,998,2269,2115,154,749,705,44,1087,723,364,883,525,358,204,198,6,538,449,89
2017,MP,672.0,24,648,208,11,197,464,13,451,131,3,128,0,0,0,0,0,0,0,0,0,0,0,0
2017,MS,1472.0,753,719,1100,452,648,372,301,71,111,90,21,72,24,48,61,13,48,11,11,0,57,39,18
2017,MT,1529.0,985,544,987,633,354,542,352,190,169,117,52,198,75,123,182,73,109,16,2,14,205,125,80
2017,NC,8962.0,6511,2451,6044,4129,1915,2918,2382,536,911,748,163,1075,396,679,994,359,635,81,37,44,931,732,199
2017,ND,1089.0,758,331,832,650,182,257,108,149,77,36,41,45,25,20,37,25,12,8,0,8,74,58,16
2017,NE,2501.0,2381,120,1698,1578,120,803,803,0,266,266,0,375,299,76,361,285,76,14,14,0,174,172,2
2017,NH,1456.0,1282,174,776,638,138,680,644,36,238,221,17,137,62,75,100,38,62,37,24,13,124,113,11
2017,NJ,8536.0,7122,1414,5433,4038,1395,3103,3084,19,1018,1011,7,1069,652,417,955,542,413,114,110,4,583,494,89
2017,NM,2482.0,1686,796,1865,1147,718,617,539,78,191,164,27,814,463,351,712,385,327,102,78,24,248,135,113
2017,NV,7833.0,3255,4578,7281,2721,4560,552,534,18,186,179,7,512,123,389,502,121,381,10,2,8,832,492,340
2017,NY,89503.0,84948,4555,37390,32890,4500,52113,52058,55,16297,16281,16,6578,4598,1980,5087,3110,1977,1491,1488,3,1244,1186,58
2017,OH,10095.0,8786,1309,6688,5494,1194,3407,3292,115,1025,991,34,772,425,347,725,396,329,47,29,18,862,785,77
2017,OK,4199.0,3084,1115,2824,1992,832,1375,1092,283,480,369,111,660,348,312,578,295,283,82,53,29,349,235,114
2017,OR,13953.0,5986,7967,10434,4293,6141,3519,1693,1826,1083,540,543,3387,868,2519,3120,768,2352,267,100,167,1251,583,668
2017,PA,14138.0,12340,1798,8271,6529,1742,5867,5811,56,1946,1930,16,1438,828,610,1372,768,604,66,60,6,963,875,88
2017,PR,3525.0,1013,2512,3141,800,2341,384,213,171,118,74,44,1078,142,936,1065,142,923,13,0,13,94,30,64
2017,RI,1180.0,1111,69,802,733,69,378,378,0,106,106,0,240,215,25,240,215,25,0,0,0,95,92,3
2017,SC,3916.0,2415,1501,2896,1667,1229,1020,748,272,325,254,71,824,236,588,792,226,566,32,10,22,480,321,159
2017,SD,943.0,772,171,611,452,159,332,320,12,124,121,3,144,112,32,101,81,20,43,31,12,130,123,7
2017,TN,8309.0,5544,2765,6137,3883,2254,2172,1661,511,655,494,161,1484,571,913,1295,482,813,189,89,100,757,615,142
2017,TX,23548.0,15055,8493,16708,8714,7994,6840,6341,499,2168,1986,182,3711,1481,2230,3497,1319,2178,214,162,52,2200,1379,821
2017,UT,2852.0,2574,278,1882,1604,278,970,970,0,281,281,0,185,141,44,163,119,44,22,22,0,220,203,17
2017,VA,6067.0,5059,1008,4028,3049,979,2039,2010,29,631,620,11,896,531,365,864,501,363,32,30,2,478,384,94
2017,VI,381.0,74,307,369,62,307,12,12,0,3,3,0,334,27,307,334,27,307,0,0,0,23,6,17
2017,VT,1225.0,1091,134,697,600,97,528,491,37,179,170,9,127,94,33,111,82,29,16,12,4,94,89,5
2017,WA,21112.0,12521,8591,14781,6733,8048,6331,5788,543,1993,1823,170,4939,1747,3192,4357,1290,3067,582,457,125,2093,1094,999
2017,WI,5027.0,4687,340,2645,2317,328,2382,2370,12,743,739,4,434,367,67,342,275,67,92,92,0,329,309,20
2017,WV,1309.0,1121,188,1032,860,172,277,261,16,95,91,4,206,140,66,188,131,57,18,9,9,137,124,13
2017,WY,873.0,510,363,622,383,239,251,127,124,96,55,41,68,26,42,14,14,0,54,12,42,63,50,13
2017,Total,550996.0,360867,190129,366585,193144,173441,184411,167723,16688,57886,52829,5057,95092,32609,62483,86705,26629,60076,8387,5980,2407,40020,24690,15330
2016,AK,1940.0,1498,442,1527,1089,438,413,409,4,135,134,1,122,94,28,112,84,28,10,10,0,168,112,56
2016,AL,4111.0,2893,1218,3019,2017,1002,1092,876,216,356,293,63,420,172,248,390,163,227,30,9,21,373,321,52
2016,AR,2463.0,1616,847,1838,1140,698,625,476,149,191,147,44,503,226,277,417,163,254,86,63,23,222,159,63
2016,AZ,9707.0,6463,3244,6659,3564,3095,3048,2899,149,917,877,40,1395,468,927,1327,423,904,68,45,23,1036,663,373
2016,CA,118142.0,39752,78390,97660,23720,73940,20482,16032,4450,6764,5175,1589,31548,4478,27070,29802,3910,25892,1746,568,1178,9612,4012,5600
2016,CO,10550.0,7611,2939,6450,4352,2098,4100,3259,841,1200,959,241,1829,949,880,1642,883,759,187,66,121,1181,906,275
2016,CT,3902.0,3229,673,2570,1903,667,1332,1326,6,449,447,2,467,282,185,439,254,185,28,28,0,216,173,43
2016,DC,8350.0,8032,318,3683,3365,318,4667,4667,0,1491,1491,0,1597,1357,240,1501,1261,240,96,96,0,350,322,28
2016,DE,1070.0,1019,51,753,702,51,317,317,0,108,108,0,74,72,2,65,63,2,9,9,0,107,103,4
2016,FL,33559.0,18198,15361,24201,11641,12560,9358,6557,2801,3031,2102,929,5895,1402,4493,5415,1219,4196,480,183,297,2902,1825,1077
2016,GA,12909.0,7543,5366,9265,4785,4480,3644,2758,886,1145,920,225,1815,470,1345,1658,415,1243,157,55,102,1055,581,474
2016,GU,1085.0,112,973,227,18,209,858,94,764,158,23,135,55,0,55,15,0,15,40,0,40,21,6,15
2016,HI,7921.0,3613,4308,4590,1282,3308,3331,2331,1000,805,569,236,1949,137,1812,1659,120,1539,290,17,273,670,264,406
2016,IA,3064.0,2921,143,1543,1400,143,1521,1521,0,466,466,0,184,137,47,159,112,47,25,25,0,170,154,16
2016,ID,2247.0,1509,738,1284,886,398,963,623,340,291,197,94,337,160,177,227,99,128,110,61,49,267,202,65
2016,IL,11590.0,9736,1854,6986,5226,1760,4604,4510,94,1461,1431,30,1024,620,404,937,562,375,87,58,29,949,713,236
2016,IN,5798.0,5107,691,3824,3158,666,1974,1949,25,609,604,5,589,374,215,534,319,215,55,55,0,663,614,49
2016,KS,2255.0,1973,282,1228,956,272,1027,1017,10,343,340,3,362,254,108,233,129,104,129,125,4,169,138,31
2016,KY,4237.0,3531,706,2949,2400,549,1288,1131,157,410,365,45,382,235,147,353,218,135,29,17,12,512,452,60
2016,LA,3994.0,2853,1141,3176,2069,1107,818,784,34,243,231,12,570,167,403,570,167,403,0,0,0,400,363,37
2016,MA,19608.0,18848,760,6434,5690,744,13174,13158,16,4381,4374,7,2325,2074,251,1272,1023,249,1053,1051,2,949,915,34
2016,MD,7689.0,6161,1528,4983,3751,1232,2706,2410,296,866,777,89,1364,844,520,1277,782,495,87,62,25,555,436,119
2016,ME,2241.0,2121,120,1321,1215,106,920,906,14,297,292,5,217,174,43,199,156,43,18,18,0,146,125,21
2016,MI,9316.0,8356,960,5803,4973,830,3513,3383,130,1109,1073,36,776,579,197,719,525,194,57,54,3,822,758,64
2016,MN,7341.0,6452,889,3669,2902,767,3672,3550,122,1065,1034,31,873,718,155,715,570,145,158,148,10,279,248,31
2016,MO,6194.0,4978,1216,3810,2830,980,2384,2148,236,767,703,64,1136,765,371,891,565,326,245,200,45,575,494,81
2016,MP,, , , , , , , , , , , , , , , , , , , , , , , 
2016,MS,1738.0,889,849,1299,556,743,439,333,106,133,101,32,183,28,155,180,28,152,3,0,3,144,58,86
2016,MT,1418.0,788,630,844,443,401,574,345,229,172,113,59,137,26,111,117,21,96,20,5,15,165,92,73
2016,NC,9559.0,7250,2309,6396,4682,1714,3163,2568,595,1041,845,196,1184,638,546,999,527,472,185,111,74,888,730,158
2016,ND,923.0,707,216,662,509,153,261,198,63,70,58,12,120,41,79,89,41,48,31,0,31,116,63,53
2016,NE,2754.0,2653,101,1880,1779,101,874,874,0,280,280,0,233,196,37,200,163,37,33,33,0,219,211,8
2016,NH,1366.0,1223,143,827,695,132,539,528,11,185,181,4,281,216,65,227,164,63,54,52,2,123,119,4
2016,NJ,8895.0,7461,1434,5540,4187,1353,3355,3274,81,1123,1098,25,822,399,423,704,291,413,118,108,10,556,485,71
2016,NM,2263.0,1809,454,1556,1127,429,707,682,25,229,223,6,649,378,271,603,342,261,46,36,10,214,150,64
2016,NV,7398.0,3471,3927,6853,2937,3916,545,534,11,180,176,4,347,62,285,330,45,285,17,17,0,851,437,414
2016,NY,86352.0,82761,3591,35315,31793,3522,51037,50968,69,15499,15474,25,5368,3299,2069,4112,2063,2049,1256,1236,20,1248,1156,92
2016,OH,10404.0,9266,1138,6946,5890,1056,3458,3376,82,1079,1061,18,778,439,339,733,403,330,45,36,9,930,845,85
2016,OK,4107.0,3087,1020,2997,2120,877,1110,967,143,360,313,47,696,405,291,610,329,281,86,76,10,358,260,98
2016,OR,13238.0,5236,8002,9379,3658,5721,3859,1578,2281,1315,506,809,3460,554,2906,3077,506,2571,383,48,335,1341,603,738
2016,PA,15339.0,13664,1675,8599,7080,1519,6740,6584,156,2200,2152,48,1325,787,538,1209,673,536,116,114,2,1136,1088,48
2016,PR,4418.0,1321,3097,3799,899,2900,619,422,197,188,139,49,1772,211,1561,1623,203,1420,149,8,141,146,37,109
2016,RI,1160.0,1123,37,859,822,37,301,301,0,93,93,0,144,141,3,136,133,3,8,8,0,89,89,0
2016,SC,5051.0,3361,1690,3758,2340,1418,1293,1021,272,409,329,80,988,448,540,913,395,518,75,53,22,738,452,286
2016,SD,1072.0,887,185,548,446,102,524,441,83,170,143,27,44,37,7,34,30,4,10,7,3,120,109,11
2016,TN,8779.0,5773,3006,6652,4202,2450,2127,1571,556,710,534,176,1782,694,1088,1640,613,1027,142,81,61,831,654,177
2016,TX,23122.0,16214,6908,15959,9315,6644,7163,6899,264,2297,2216,81,3689,1637,2052,3534,1500,2034,155,137,18,1768,1285,483
2016,UT,2807.0,2571,236,1828,1612,216,979,959,20,298,291,7,190,180,10,168,158,10,22,22,0,335,311,24
2016,VA,6268.0,5502,766,3959,3245,714,2309,2257,52,737,720,17,793,568,225,750,525,225,43,43,0,515,439,76
2016,VI,341.0,89,252,308,56,252,33,33,0,11,11,0,26,8,18,26,8,18,0,0,0,32,2,30
2016,VT,1117.0,961,156,655,516,139,462,445,17,158,152,6,127,81,46,120,74,46,7,7,0,110,97,13
2016,WA,20827.0,12361,8466,13900,6389,7511,6927,5972,955,2185,1878,307,2567,981,1586,2307,825,1482,260,156,104,1484,999,485
2016,WI,5685.0,5275,410,2886,2495,391,2799,2780,19,862,856,6,363,296,67,276,209,67,87,87,0,415,392,23
2016,WV,1387.0,1252,135,1039,904,135,348,348,0,113,113,0,165,117,48,161,113,48,4,4,0,143,126,17
2016,WY,857.0,491,366,517,277,240,340,214,126,110,77,33,91,33,58,80,29,51,11,4,7,87,56,31
2016,Total,549928.0,373571,176357,355212,198008,157204,194716,175563,19153,61265,55265,6000,86132,30108,56024,77486,24596,52890,8646,5512,3134,39471,26404,13067
2015,AK,1956.0,1639,317,1342,1084,258,614,555,59,180,163,17,222,81,141,182,70,112,40,11,29,180,149,31
2015,AL,3970.0,2943,1027,2868,2076,792,1102,867,235,360,287,73,607,168,439,557,157,400,50,11,39,474,399,75
2015,AR,2560.0,1678,882,1833,1089,744,727,589,138,240,198,42,623,319,304,524,234,290,99,85,14,456,385,71
2015,AZ,9896.0,6939,2957,6548,3824,2724,3348,3115,233,1002,937,65,1366,344,1022,1246,297,949,120,47,73,1220,672,548
2015,CA,115738.0,42039,73699,93156,24843,68313,22582,17196,5386,7195,5593,1602,32227,5077,27150,29178,4169,25009,3049,908,2141,11311,4309,7002
2015,CO,9953.0,7134,2819,5729,3739,1990,4224,3395,829,1242,996,246,1877,882,995,1572,754,818,305,128,177,950,644,306
2015,CT,4047.0,3421,626,2719,2124,595,1328,1297,31,456,445,11,583,278,305,538,240,298,45,38,7,282,241,41
2015,DC,7298.0,6754,544,3821,3277,544,3477,3477,0,1131,1131,0,1790,1470,320,1593,1273,320,197,197,0,408,366,42
2015,DE,953.0,916,37,602,565,37,351,351,0,115,115,0,80,75,5,64,59,5,16,16,0,79,74,5
2015,FL,35900.0,18883,17017,26325,12033,14292,9575,6850,2725,3053,2107,946,6540,1383,5157,6021,1210,4811,519,173,346,3926,2372,1554
2015,GA,13790.0,7987,5803,9702,4783,4919,4088,3204,884,1236,1014,222,2137,622,1515,1994,568,1426,143,54,89,1548,866,682
2015,GU,1280.0,87,1193,306,23,283,974,64,910,180,14,166,153,0,153,27,0,27,126,0,126,23,1,22
2015,HI,7620.0,3777,3843,4307,1243,3064,3313,2534,779,798,613,185,1534,180,1354,1372,153,1219,162,27,135,692,275,417
2015,IA,3081.0,2878,203,1501,1302,199,1580,1576,4,496,495,1,275,221,54,201,147,54,74,74,0,207,175,32
2015,ID,1966.0,1497,469,1172,832,340,794,665,129,251,213,38,245,112,133,164,84,80,81,28,53,249,174,75
2015,IL,13177.0,10463,2714,8152,5599,2553,5025,4864,161,1648,1597,51,1912,994,918,1799,892,907,113,102,11,1226,769,457
2015,IN,5863.0,5280,583,3914,3353,561,1949,1927,22,636,631,5,703,529,174,608,450,158,95,79,16,790,726,64
2015,KS,2588.0,2283,305,1466,1191,275,1122,1092,30,346,334,12,379,245,134,339,214,125,40,31,9,311,276,35
2015,KY,4538.0,3796,742,3151,2622,529,1387,1174,213,467,398,69,457,413,44,383,345,38,74,68,6,591,541,50
2015,LA,4081.0,2890,1191,3217,2053,1164,864,837,27,285,276,9,773,287,486,735,255,480,38,32,6,392,350,42
2015,MA,21135.0,20542,593,6378,5814,564,14757,14728,29,4903,4892,11,2561,2320,241,1411,1170,241,1150,1150,0,1133,1101,32
2015,MD,8390.0,6594,1796,5383,3987,1396,3007,2607,400,970,847,123,1847,1016,831,1634,923,711,213,93,120,714,586,128
2015,ME,2372.0,2313,59,1219,1170,49,1153,1143,10,358,355,3,217,203,14,193,179,14,24,24,0,151,142,9
2015,MI,10516.0,9444,1072,6546,5553,993,3970,3891,79,1285,1261,24,935,621,314,830,519,311,105,102,3,1067,991,76
2015,MN,7546.0,6705,841,3622,2987,635,3924,3718,206,1192,1121,71,1396,1054,342,1124,833,291,272,221,51,297,253,44
2015,MO,6482.0,5411,1071,3434,2640,794,3048,2771,277,926,845,81,1025,652,373,875,536,339,150,116,34,540,430,110
2015,MP,, , , , , , , , , , , , , , , , , , , , , , , 
2015,MS,1983.0,1141,842,1475,693,782,508,448,60,152,138,14,243,67,176,233,67,166,10,0,10,206,87,119
2015,MT,1709.0,837,872,1127,478,649,582,359,223,182,120,62,166,26,140,154,23,131,12,3,9,277,98,179
2015,NC,10685.0,8260,2425,7156,5372,1784,3529,2888,641,1110,921,189,1364,682,682,1253,605,648,111,77,34,1092,904,188
2015,ND,1305.0,819,486,864,591,273,441,228,213,123,71,52,138,68,70,70,52,18,68,16,52,137,90,47
2015,NE,2744.0,2621,123,1720,1597,123,1024,1024,0,327,327,0,322,266,56,257,201,56,65,65,0,247,231,16
2015,NH,1445.0,1313,132,778,666,112,667,647,20,244,238,6,317,260,57,257,205,52,60,55,5,138,124,14
2015,NJ,10098.0,9124,974,6189,5293,896,3909,3831,78,1346,1327,19,1410,972,438,1182,752,430,228,220,8,696,616,80
2015,NM,2629.0,2175,454,1666,1237,429,963,938,25,296,290,6,716,445,271,621,360,261,95,85,10,278,214,64
2015,NV,8743.0,4528,4215,7858,3646,4212,885,882,3,279,278,1,594,117,477,585,108,477,9,9,0,860,516,344
2015,NY,88250.0,84228,4022,36135,32172,3963,52115,52056,59,15361,15344,17,7116,4733,2383,4327,1982,2345,2789,2751,38,2399,2268,131
2015,OH,11182.0,10083,1099,7565,6590,975,3617,3493,124,1108,1073,35,1275,887,388,1160,782,378,115,105,10,1183,1073,110
2015,OK,3777.0,2999,778,2781,2111,670,996,888,108,343,305,38,581,342,239,508,289,219,73,53,20,351,253,98
2015,OR,13226.0,5831,7395,9461,4048,5413,3765,1783,1982,1179,586,593,4011,1008,3003,3521,921,2600,490,87,403,1464,769,695
2015,PA,15421.0,13993,1428,8605,7276,1329,6816,6717,99,2299,2269,30,1590,1040,550,1442,909,533,148,131,17,1375,1295,80
2015,PR,4518.0,1421,3097,3929,1029,2900,589,392,197,170,121,49,1756,195,1561,1615,195,1420,141,0,141,164,55,109
2015,RI,1111.0,1075,36,706,673,33,405,402,3,112,111,1,130,118,12,110,100,10,20,18,2,107,105,2
2015,SC,5354.0,3458,1896,3934,2465,1469,1420,993,427,510,332,178,1020,525,495,916,456,460,104,69,35,681,470,211
2015,SD,1036.0,900,136,630,506,124,406,394,12,125,122,3,95,67,28,85,59,26,10,8,2,177,170,7
2015,TN,9123.0,5879,3244,6516,4075,2441,2607,1804,803,869,578,291,1650,702,948,1492,648,844,158,54,104,945,756,189
2015,TX,23678.0,16192,7486,16265,9234,7031,7413,6958,455,2316,2159,157,4304,1915,2389,3778,1543,2235,526,372,154,2393,1490,903
2015,UT,3025.0,2799,226,1809,1605,204,1216,1194,22,364,357,7,233,215,18,178,165,13,55,50,5,337,313,24
2015,VA,7001.0,6190,811,4190,3434,756,2811,2756,55,890,874,16,1158,789,369,1041,702,339,117,87,30,604,513,91
2015,VI,337.0,85,252,308,56,252,29,29,0,10,10,0,22,4,18,22,4,18,0,0,0,34,4,30
2015,VT,1523.0,1373,150,910,775,135,613,598,15,201,197,4,166,111,55,139,84,55,27,27,0,119,113,6
2015,WA,19419.0,12298,7121,12526,6200,6326,6893,6098,795,2154,1936,218,2482,1027,1455,2261,908,1353,221,119,102,1293,886,407
2015,WI,6057.0,5615,442,2992,2647,345,3065,2968,97,954,923,31,464,377,87,361,277,84,103,100,3,534,515,19
2015,WV,1835.0,1403,432,1414,1049,365,421,354,67,129,108,21,386,226,160,352,192,160,34,34,0,305,227,78
2015,WY,798.0,507,291,500,292,208,298,215,83,93,71,22,102,37,65,86,35,51,16,2,14,112,83,29
2015,Total,564708.0,391440,173268,358422,205616,152806,206286,185824,20462,64197,58064,6133,96275,36767,59508,83170,28355,54815,13105,8412,4693,47725,31505,16220
